[setting.jpg]
backuphash=37677
filters=retouch=1;retouch=1;
[setting.jpg.jpg]
text=1;141;12;SETTING MODE;Lucida Grande;0.058881,0.211473,0.024725,0.000000;v1,4283394020,4283394020,128.000000,1.000000,0.500000,1.000000,400,2,49152;;
backuphash=33802
textactive=1
[moving.jpg]
backuphash=6737
[settingMOD.jpg]
text=1;141;12;SETTING MODE;Lucida Grande;0.061986,0.220966,0.033333,0.000000;v1,4283394020,4283394020,128.000000,1.000000,0.000000,1.000000,400,0,49152;;
backuphash=2814
textactive=1
[exp1.png.jpg]
backuphash=35479
[exp1.jpg]
text=1;129;1;D;Lucida Grande;0.363902,0.550785,0.033333,0.000000;v1,4278190080,4278190080,128.000000,1.000000,0.500000,1.000000,400,2,49152;;
backuphash=64194
textactive=1
